0.0
0.0
0.0
0.0
0.0
0.0
0.0
0.0
0.0
0.0
0.0
0.0
0.0
0.0
0.0
0.0
0.0
0.0
0.0
0.0
0.0
0.0
0.0
0.0
0.0
0.0
0.0
0.0
0.0
0.0
0.0
0.0
0.0
0.0
0.0
0.0
0.0
0.0
0.0
0.0
0.0
0.0
0.0
0.0
0.0
0.0
0.0
0.0
0.0
0.0
0.0
0.0
0.0
0.0
0.0
0.0
0.0
0.0
0.0
0.0
0.0
0.0
0.0
0.0
0.0
0.0
0.0
0.0
0.0
0.0
0.0
0.0
0.0
0.0
0.0
0.0
0.0
0.0
0.0
0.0
0.0
0.0
0.0
0.0
0.0
0.0
0.0
0.0
0.0
0.0
0.0
0.0
0.0
0.0
0.0
0.0
0.0
0.0
0.0
0.0
1.85037170770859e-16
0.00166666666666685
0.00333333333333352
0.00500000000000019
0.00666666666666686
0.00833333333333353
0.0100000000000002
0.0116666666666669
0.0133333333333335
0.0150000000000002
0.0166666666666669
0.0183333333333335
0.0200000000000002
0.0216666666666669
0.0233333333333335
0.0250000000000002
0.0266666666666669
0.0283333333333335
0.0300000000000002
0.0316666666666669
0.0333333333333335
0.0350000000000002
0.0366666666666669
0.0383333333333336
0.0400000000000002
0.0416666666666669
0.0433333333333336
0.0450000000000002
0.0466666666666669
0.0483333333333336
0.0500000000000002
0.0516666666666669
0.0533333333333336
0.0550000000000002
0.0566666666666669
0.0583333333333336
0.0600000000000002
0.0616666666666669
0.0633333333333336
0.0650000000000002
0.0666666666666669
0.0683333333333336
0.0700000000000002
0.0716666666666669
0.0733333333333336
0.0750000000000002
0.0766666666666669
0.0783333333333336
0.0800000000000003
0.0816666666666669
0.0833333333333336
0.0850000000000003
0.0866666666666669
0.0883333333333336
0.0900000000000003
0.0916666666666669
0.0933333333333336
0.0950000000000003
0.0966666666666669
0.0983333333333336
0.1
0.101666666666667
0.103333333333334
0.105
0.106666666666667
0.108333333333334
0.11
0.111666666666667
0.113333333333334
0.115
0.116666666666667
0.118333333333334
0.12
0.121666666666667
0.123333333333334
0.125
0.126666666666667
0.128333333333334
0.13
0.131666666666667
0.133333333333334
0.135
0.136666666666667
0.138333333333334
0.14
0.141666666666667
0.143333333333334
0.145
0.146666666666667
0.148333333333334
0.15
0.151666666666667
0.153333333333334
0.155
0.156666666666667
0.158333333333334
0.16
0.161666666666667
0.163333333333334
0.165
0.166666666666667
0.168333333333334
0.17
0.171666666666667
0.173333333333334
0.175000000000001
0.176666666666667
0.178333333333334
0.180000000000001
0.181666666666667
0.183333333333334
0.185000000000001
0.186666666666668
0.188333333333334
0.190000000000001
0.191666666666668
0.193333333333334
0.195000000000001
0.196666666666668
0.198333333333334
0.200000000000001
0.201666666666668
0.203333333333335
0.205000000000001
0.206666666666668
0.208333333333335
0.210000000000001
0.211666666666668
0.213333333333335
0.215000000000001
0.216666666666668
0.218333333333335
0.220000000000002
0.221666666666668
0.223333333333335
0.225000000000002
0.226666666666668
0.228333333333335
0.230000000000002
0.231666666666669
0.233333333333335
0.235000000000002
0.236666666666669
0.238333333333335
0.240000000000002
0.241666666666669
0.243333333333335
0.245000000000002
0.246666666666669
0.248333333333336
0.250000000000002
0.251666666666669
0.253333333333336
0.255000000000002
0.256666666666669
0.258333333333336
0.260000000000003
0.261666666666669
0.263333333333336
0.265000000000003
0.266666666666669
0.268333333333336
0.270000000000003
0.271666666666669
0.273333333333336
0.275000000000003
0.27666666666667
0.278333333333336
0.280000000000003
0.28166666666667
0.283333333333336
0.285000000000003
0.28666666666667
0.288333333333336
0.290000000000003
0.29166666666667
0.293333333333337
0.295000000000003
0.29666666666667
0.298333333333337
0.300000000000003
0.30166666666667
0.303333333333337
0.305000000000004
0.30666666666667
0.308333333333337
0.310000000000004
0.31166666666667
0.313333333333337
0.315000000000004
0.31666666666667
0.318333333333337
0.320000000000004
0.321666666666671
0.323333333333337
0.325000000000004
0.326666666666671
0.328333333333337
0.330000000000004
0.331666666666671
0.333333333333338
0.335000000000004
0.336666666666671
0.338333333333338
0.340000000000004
0.341666666666671
0.343333333333338
0.345000000000004
0.346666666666671
0.348333333333338
0.350000000000005
0.351666666666671
0.353333333333338
0.355000000000005
0.356666666666671
0.358333333333338
0.360000000000005
0.361666666666672
0.363333333333338
0.365000000000005
0.366666666666672
0.368333333333338
0.370000000000005
0.371666666666672
0.373333333333338
0.375000000000005
0.376666666666672
0.378333333333339
0.380000000000005
0.381666666666672
0.383333333333339
0.385000000000005
0.386666666666672
0.388333333333339
0.390000000000006
0.391666666666672
0.393333333333339
0.395000000000006
0.396666666666672
0.398333333333339
0.400000000000006
0.401666666666672
0.403333333333339
0.405000000000006
0.406666666666673
0.408333333333339
0.410000000000006
0.411666666666673
0.413333333333339
0.415000000000006
0.416666666666673
0.418333333333339
0.420000000000006
0.421666666666673
0.42333333333334
0.425000000000006
0.426666666666673
0.42833333333334
0.430000000000006
0.431666666666673
0.43333333333334
0.435000000000007
0.436666666666673
0.43833333333334
0.440000000000007
0.441666666666673
0.44333333333334
0.445000000000007
0.446666666666673
0.44833333333334
0.450000000000007
0.451666666666674
0.45333333333334
0.455000000000007
0.456666666666674
0.45833333333334
0.460000000000007
0.461666666666674
0.463333333333341
0.465000000000007
0.466666666666674
0.468333333333341
0.470000000000007
0.471666666666674
0.473333333333341
0.475000000000007
0.476666666666674
0.478333333333341
0.480000000000008
0.481666666666674
0.483333333333341
0.485000000000008
0.486666666666674
0.488333333333341
0.490000000000008
0.491666666666675
0.493333333333341
0.495000000000008
0.496666666666675
0.498333333333341
0.500000000000008
0.501666666666675
0.503333333333341
0.505000000000008
0.506666666666674
0.508333333333341
0.510000000000008
0.511666666666674
0.513333333333341
0.515000000000008
0.516666666666674
0.518333333333341
0.520000000000008
0.521666666666674
0.523333333333341
0.525000000000007
0.526666666666674
0.528333333333341
0.530000000000007
0.531666666666674
0.533333333333341
0.535000000000007
0.536666666666674
0.538333333333341
0.540000000000007
0.541666666666674
0.54333333333334
0.545000000000007
0.546666666666674
0.54833333333334
0.550000000000007
0.551666666666674
0.55333333333334
0.555000000000007
0.556666666666673
0.55833333333334
0.560000000000007
0.561666666666673
0.56333333333334
0.565000000000007
0.566666666666673
0.56833333333334
0.570000000000007
0.571666666666673
0.57333333333334
0.575000000000006
0.576666666666673
0.57833333333334
0.580000000000006
0.581666666666673
0.58333333333334
0.585000000000006
0.586666666666673
0.588333333333339
0.590000000000006
0.591666666666673
0.593333333333339
0.595000000000006
0.596666666666673
0.598333333333339
0.600000000000006
0.601666666666672
0.603333333333339
0.605000000000006
0.606666666666672
0.608333333333339
0.610000000000006
0.611666666666672
0.613333333333339
0.615000000000006
0.616666666666672
0.618333333333339
0.620000000000005
0.621666666666672
0.623333333333339
0.625000000000005
0.626666666666672
0.628333333333339
0.630000000000005
0.631666666666672
0.633333333333339
0.635000000000005
0.636666666666672
0.638333333333338
0.640000000000005
0.641666666666672
0.643333333333338
0.645000000000005
0.646666666666671
0.648333333333338
0.650000000000005
0.651666666666671
0.653333333333338
0.655000000000005
0.656666666666671
0.658333333333338
0.660000000000005
0.661666666666671
0.663333333333338
0.665000000000004
0.666666666666671
0.668333333333338
0.670000000000004
0.671666666666671
0.673333333333338
0.675000000000004
0.676666666666671
0.678333333333338
0.680000000000004
0.681666666666671
0.683333333333337
0.685000000000004
0.686666666666671
0.688333333333337
0.690000000000004
0.691666666666671
0.693333333333337
0.695000000000004
0.69666666666667
0.698333333333337
0.700000000000004
0.70166666666667
0.703333333333337
0.705000000000004
0.70666666666667
0.708333333333337
0.710000000000004
0.71166666666667
0.713333333333337
0.715000000000003
0.71666666666667
0.718333333333337
0.720000000000003
0.72166666666667
0.723333333333337
0.725000000000003
0.72666666666667
0.728333333333336
0.730000000000003
0.73166666666667
0.733333333333336
0.735000000000003
0.73666666666667
0.738333333333336
0.740000000000003
0.741666666666669
0.743333333333336
0.745000000000003
0.746666666666669
0.748333333333336
0.750000000000003
0.751666666666669
0.753333333333336
0.755000000000003
0.756666666666669
0.758333333333336
0.760000000000002
0.761666666666669
0.763333333333336
0.765000000000002
0.766666666666669
0.768333333333336
0.770000000000002
0.771666666666669
0.773333333333336
0.775000000000002
0.776666666666669
0.778333333333335
0.780000000000002
0.781666666666669
0.783333333333335
0.785000000000002
0.786666666666669
0.788333333333335
0.790000000000002
0.791666666666668
0.793333333333335
0.795000000000002
0.796666666666668
0.798333333333335
0.800000000000002
0.801666666666668
0.803333333333335
0.805000000000001
0.806666666666668
0.808333333333335
0.810000000000001
0.811666666666668
0.813333333333335
0.815000000000001
0.816666666666668
0.818333333333335
0.820000000000001
0.821666666666668
0.823333333333334
0.825000000000001
0.826666666666668
0.828333333333334
0.830000000000001
0.831666666666668
0.833333333333334
0.835000000000001
0.836666666666667
0.838333333333334
0.840000000000001
0.841666666666667
0.843333333333334
0.845000000000001
0.846666666666667
0.848333333333334
0.850000000000001
0.851666666666667
0.853333333333334
0.855
0.856666666666667
0.858333333333334
0.86
0.861666666666667
0.863333333333334
0.865
0.866666666666667
0.868333333333334
0.87
0.871666666666667
0.873333333333333
0.875
0.876666666666667
0.878333333333333
0.88
0.881666666666666
0.883333333333333
0.885
0.886666666666666
0.888333333333333
0.89
0.891666666666666
0.893333333333333
0.895
0.896666666666666
0.898333333333333
0.899999999999999
0.901666666666666
0.903333333333333
0.904999999999999
0.906666666666666
0.908333333333333
0.909999999999999
0.911666666666666
0.913333333333333
0.914999999999999
0.916666666666666
0.918333333333332
0.919999999999999
0.921666666666666
0.923333333333332
0.924999999999999
0.926666666666666
0.928333333333332
0.929999999999999
0.931666666666665
0.933333333333332
0.934999999999999
0.936666666666665
0.938333333333332
0.939999999999999
0.941666666666665
0.943333333333332
0.944999999999999
0.946666666666665
0.948333333333332
0.949999999999998
0.951666666666665
0.953333333333332
0.954999999999998
0.956666666666665
0.958333333333332
0.959999999999998
0.961666666666665
0.963333333333331
0.964999999999998
0.966666666666665
0.968333333333331
0.969999999999998
0.971666666666665
0.973333333333331
0.974999999999998
0.976666666666664
0.978333333333331
0.979999999999998
0.981666666666664
0.983333333333331
0.984999999999998
0.986666666666664
0.988333333333331
0.989999999999998
0.991666666666664
0.993333333333331
0.994999999999997
0.996666666666664
0.998333333333331
0.999999999999997
1.0
1.0
1.0
1.0
1.0
1.0
1.0
1.0
1.0
1.0
1.0
1.0
1.0
1.0
1.0
1.0
1.0
1.0
1.0
1.0
1.0
1.0
1.0
1.0
1.0
1.0
1.0
1.0
1.0
1.0
1.0
1.0
1.0
1.0
1.0
1.0
1.0
1.0
1.0
1.0
1.0
1.0
1.0
1.0
1.0
1.0
1.0
1.0
1.0
1.0
1.0
1.0
1.0
1.0
1.0
1.0
1.0
1.0
1.0
1.0
1.0
1.0
1.0
1.0
1.0
1.0
1.0
1.0
1.0
1.0
1.0
1.0
1.0
1.0
1.0
1.0
1.0
1.0
1.0
1.0
1.0
1.0
1.0
1.0
1.0
1.0
1.0
1.0
1.0
1.0
1.0
1.0
1.0
1.0
1.0
1.0
1.0
1.0
1.0
1.0
0.99833333333334
0.996666666666673
0.995000000000006
0.99333333333334
0.991666666666673
0.990000000000006
0.98833333333334
0.986666666666673
0.985000000000007
0.98333333333334
0.981666666666673
0.980000000000007
0.97833333333334
0.976666666666673
0.975000000000007
0.97333333333334
0.971666666666673
0.970000000000007
0.96833333333334
0.966666666666674
0.965000000000007
0.96333333333334
0.961666666666674
0.960000000000007
0.95833333333334
0.956666666666674
0.955000000000007
0.953333333333341
0.951666666666674
0.950000000000007
0.948333333333341
0.946666666666674
0.945000000000007
0.943333333333341
0.941666666666674
0.940000000000007
0.938333333333341
0.936666666666674
0.935000000000008
0.933333333333341
0.931666666666674
0.930000000000008
0.928333333333341
0.926666666666674
0.925000000000008
0.923333333333341
0.921666666666675
0.920000000000008
0.918333333333341
0.916666666666675
0.915000000000008
0.913333333333341
0.911666666666675
0.910000000000008
0.908333333333342
0.906666666666675
0.905000000000008
0.903333333333342
0.901666666666675
0.900000000000008
0.898333333333342
0.896666666666675
0.895000000000008
0.893333333333342
0.891666666666675
0.890000000000009
0.888333333333342
0.886666666666675
0.885000000000009
0.883333333333342
0.881666666666675
0.880000000000009
0.878333333333342
0.876666666666675
0.875000000000009
0.873333333333342
0.871666666666676
0.870000000000009
0.868333333333342
0.866666666666676
0.865000000000009
0.863333333333343
0.861666666666676
0.860000000000009
0.858333333333343
0.856666666666676
0.855000000000009
0.853333333333343
0.851666666666676
0.850000000000009
0.848333333333343
0.846666666666676
0.84500000000001
0.843333333333343
0.841666666666676
0.84000000000001
0.838333333333343
0.836666666666676
0.83500000000001
0.833333333333343
0.831666666666676
0.83000000000001
0.828333333333343
0.826666666666677
0.82500000000001
0.823333333333343
0.821666666666677
0.82000000000001
0.818333333333343
0.816666666666677
0.81500000000001
0.813333333333344
0.811666666666677
0.81000000000001
0.808333333333344
0.806666666666677
0.80500000000001
0.803333333333344
0.801666666666677
0.80000000000001
0.798333333333344
0.796666666666677
0.795000000000011
0.793333333333344
0.791666666666677
0.790000000000011
0.788333333333344
0.786666666666677
0.785000000000011
0.783333333333344
0.781666666666678
0.780000000000011
0.778333333333344
0.776666666666678
0.775000000000011
0.773333333333344
0.771666666666678
0.770000000000011
0.768333333333345
0.766666666666678
0.765000000000011
0.763333333333345
0.761666666666678
0.760000000000011
0.758333333333345
0.756666666666678
0.755000000000011
0.753333333333345
0.751666666666678
0.750000000000012
0.748333333333345
0.746666666666678
0.745000000000012
0.743333333333345
0.741666666666678
0.740000000000012
0.738333333333345
0.736666666666678
0.735000000000012
0.733333333333345
0.731666666666679
0.730000000000012
0.728333333333345
0.726666666666679
0.725000000000012
0.723333333333345
0.721666666666679
0.720000000000012
0.718333333333346
0.716666666666679
0.715000000000012
0.713333333333346
0.711666666666679
0.710000000000012
0.708333333333346
0.706666666666679
0.705000000000013
0.703333333333346
0.701666666666679
0.700000000000013
0.698333333333346
0.696666666666679
0.695000000000013
0.693333333333346
0.691666666666679
0.690000000000013
0.688333333333346
0.68666666666668
0.685000000000013
0.683333333333346
0.68166666666668
0.680000000000013
0.678333333333346
0.67666666666668
0.675000000000013
0.673333333333347
0.67166666666668
0.670000000000013
0.668333333333347
0.66666666666668
0.665000000000013
0.663333333333347
0.66166666666668
0.660000000000013
0.658333333333347
0.65666666666668
0.655000000000014
0.653333333333347
0.65166666666668
0.650000000000014
0.648333333333347
0.64666666666668
0.645000000000014
0.643333333333347
0.64166666666668
0.640000000000014
0.638333333333347
0.636666666666681
0.635000000000014
0.633333333333347
0.631666666666681
0.630000000000014
0.628333333333348
0.626666666666681
0.625000000000014
0.623333333333348
0.621666666666681
0.620000000000014
0.618333333333348
0.616666666666681
0.615000000000014
0.613333333333348
0.611666666666681
0.610000000000015
0.608333333333348
0.606666666666681
0.605000000000015
0.603333333333348
0.601666666666681
0.600000000000015
0.598333333333348
0.596666666666681
0.595000000000015
0.593333333333348
0.591666666666682
0.590000000000015
0.588333333333348
0.586666666666682
0.585000000000015
0.583333333333348
0.581666666666682
0.580000000000015
0.578333333333349
0.576666666666682
0.575000000000015
0.573333333333349
0.571666666666682
0.570000000000015
0.568333333333349
0.566666666666682
0.565000000000015
0.563333333333349
0.561666666666682
0.560000000000016
0.558333333333349
0.556666666666682
0.555000000000016
0.553333333333349
0.551666666666682
0.550000000000016
0.548333333333349
0.546666666666683
0.545000000000016
0.543333333333349
0.541666666666683
0.540000000000016
0.538333333333349
0.536666666666683
0.535000000000016
0.53333333333335
0.531666666666683
0.530000000000016
0.52833333333335
0.526666666666683
0.525000000000016
0.52333333333335
0.521666666666683
0.520000000000016
0.51833333333335
0.516666666666683
0.515000000000017
0.51333333333335
0.511666666666683
0.510000000000017
0.50833333333335
0.506666666666683
0.505000000000017
0.50333333333335
0.501666666666683
0.500000000000017
0.49833333333335
0.496666666666684
0.495000000000017
0.49333333333335
0.491666666666684
0.490000000000017
0.48833333333335
0.486666666666684
0.485000000000017
0.483333333333351
0.481666666666684
0.480000000000017
0.478333333333351
0.476666666666684
0.475000000000017
0.473333333333351
0.471666666666684
0.470000000000018
0.468333333333351
0.466666666666684
0.465000000000018
0.463333333333351
0.461666666666684
0.460000000000018
0.458333333333351
0.456666666666684
0.455000000000018
0.453333333333351
0.451666666666685
0.450000000000018
0.448333333333351
0.446666666666685
0.445000000000018
0.443333333333351
0.441666666666685
0.440000000000018
0.438333333333352
0.436666666666685
0.435000000000018
0.433333333333352
0.431666666666685
0.430000000000018
0.428333333333352
0.426666666666685
0.425000000000018
0.423333333333352
0.421666666666685
0.420000000000019
0.418333333333352
0.416666666666685
0.415000000000019
0.413333333333352
0.411666666666685
0.410000000000019
0.408333333333352
0.406666666666686
0.405000000000019
0.403333333333352
0.401666666666686
0.400000000000019
0.398333333333352
0.396666666666686
0.395000000000019
0.393333333333352
0.391666666666686
0.390000000000019
0.388333333333353
0.386666666666686
0.385000000000019
0.383333333333353
0.381666666666686
0.380000000000019
0.378333333333353
0.376666666666686
0.37500000000002
0.373333333333353
0.371666666666686
0.37000000000002
0.368333333333353
0.366666666666686
0.36500000000002
0.363333333333353
0.361666666666687
0.36000000000002
0.358333333333353
0.356666666666687
0.35500000000002
0.353333333333353
0.351666666666687
0.35000000000002
0.348333333333353
0.346666666666687
0.34500000000002
0.343333333333354
0.341666666666687
0.34000000000002
0.338333333333354
0.336666666666687
0.33500000000002
0.333333333333354
0.331666666666687
0.33000000000002
0.328333333333354
0.326666666666687
0.325000000000021
0.323333333333354
0.321666666666687
0.320000000000021
0.318333333333354
0.316666666666687
0.315000000000021
0.313333333333354
0.311666666666688
0.310000000000021
0.308333333333354
0.306666666666688
0.305000000000021
0.303333333333354
0.301666666666688
0.300000000000021
0.298333333333354
0.296666666666688
0.295000000000021
0.293333333333355
0.291666666666688
0.290000000000021
0.288333333333355
0.286666666666688
0.285000000000021
0.283333333333355
0.281666666666688
0.280000000000022
0.278333333333355
0.276666666666688
0.275000000000022
0.273333333333355
0.271666666666688
0.270000000000022
0.268333333333355
0.266666666666689
0.265000000000022
0.263333333333355
0.261666666666689
0.260000000000022
0.258333333333355
0.256666666666689
0.255000000000022
0.253333333333355
0.251666666666689
0.250000000000022
0.248333333333356
0.246666666666689
0.245000000000022
0.243333333333356
0.241666666666689
0.240000000000022
0.238333333333356
0.236666666666689
0.235000000000023
0.233333333333356
0.231666666666689
0.230000000000023
0.228333333333356
0.226666666666689
0.225000000000023
0.223333333333356
0.221666666666689
0.220000000000023
0.218333333333356
0.21666666666669
0.215000000000023
0.213333333333356
0.21166666666669
0.210000000000023
0.208333333333356
0.20666666666669
0.205000000000023
0.203333333333357
0.20166666666669
0.200000000000023
0.198333333333357
0.19666666666669
0.195000000000023
0.193333333333357
0.19166666666669
0.190000000000023
0.188333333333357
0.18666666666669
0.185000000000024
0.183333333333357
0.18166666666669
0.180000000000024
0.178333333333357
0.17666666666669
0.175000000000024
0.173333333333357
0.171666666666691
0.170000000000024
0.168333333333357
0.166666666666691
0.165000000000024
0.163333333333357
0.161666666666691
0.160000000000024
0.158333333333358
0.156666666666691
0.155000000000024
0.153333333333358
0.151666666666691
0.150000000000024
0.148333333333358
0.146666666666691
0.145000000000024
0.143333333333358
0.141666666666691
0.140000000000025
0.138333333333358
0.136666666666691
0.135000000000025
0.133333333333358
0.131666666666691
0.130000000000025
0.128333333333358
0.126666666666691
0.125000000000025
0.123333333333358
0.121666666666692
0.120000000000025
0.118333333333358
0.116666666666692
0.115000000000025
0.113333333333358
0.111666666666692
0.110000000000025
0.108333333333359
0.106666666666692
0.105000000000025
0.103333333333359
0.101666666666692
0.100000000000025
0.0983333333333588
0.0966666666666921
0.0950000000000255
0.0933333333333589
0.0916666666666923
0.0900000000000256
0.088333333333359
0.0866666666666924
0.0850000000000257
0.0833333333333591
0.0816666666666925
0.0800000000000258
0.0783333333333592
0.0766666666666926
0.0750000000000259
0.0733333333333593
0.0716666666666927
0.070000000000026
0.0683333333333594
0.0666666666666928
0.0650000000000261
0.0633333333333595
0.0616666666666929
0.0600000000000263
0.0583333333333596
0.056666666666693
0.0550000000000264
0.0533333333333597
0.0516666666666931
0.0500000000000265
0.0483333333333598
0.0466666666666932
0.0450000000000266
0.0433333333333599
0.0416666666666933
0.0400000000000267
0.0383333333333601
0.0366666666666934
0.0350000000000268
0.0333333333333602
0.0316666666666935
0.0300000000000269
0.0283333333333603
0.0266666666666936
0.025000000000027
0.0233333333333604
0.0216666666666937
0.0200000000000271
0.0183333333333605
0.0166666666666938
0.0150000000000272
0.0133333333333606
0.011666666666694
0.0100000000000273
0.00833333333336069
0.00666666666669406
0.00500000000002743
0.0033333333333608
0.00166666666669416
2.75335310107039e-14
0.0
0.0
0.0
0.0
0.0
0.0
0.0
0.0
0.0
0.0
0.0
0.0
0.0
0.0
0.0
0.0
0.0
0.0
0.0
0.0
0.0
0.0
0.0
0.0
0.0
0.0
0.0
0.0
0.0
0.0
0.0
0.0
0.0
0.0
0.0
0.0
0.0
0.0
0.0
0.0
0.0
0.0
0.0
0.0
0.0
0.0
0.0
0.0
0.0
0.0
0.0
0.0
0.0
0.0
0.0
0.0
0.0
0.0
0.0
0.0
0.0
0.0
0.0
0.0
0.0
0.0
0.0
0.0
0.0
0.0
0.0
0.0
0.0
0.0
0.0
0.0
0.0
0.0
0.0
0.0
0.0
0.0
0.0
0.0
0.0
0.0
0.0
0.0
0.0
0.0
0.0
0.0
0.0
0.0
0.0
0.0
0.0
0.0
0.0
0.0
